*KEYWORD
$
$ LS-DYNA Initial Stress File (dynain)
$ Generated by KooRemapper
$ Date: 2026-02-10 10:03:52
$
$ Deformed mesh: assemble
$ Strain type: Engineering
$ Large deformation: No
$
$ Note: Use this file with the deformed mesh (def_mesh), not the reference mesh.
$ Include this file in your deformed mesh model using *INCLUDE.
$
*INITIAL_STRESS_SOLID
$#    eid    nint   nhisv   large     ics   ncomp
         3       1       0       0       0       0
$#  sigxx     sigyy     sigzz     sigxy     sigyz     sigxz       eps
 5.654e+03 2.423e+03 2.423e+03 0.000e+00 0.000e+00 0.000e+00 0.000e+00
         4       1       0       0       0       0
 5.654e+03 2.423e+03 2.423e+03 0.000e+00 0.000e+00 0.000e+00 0.000e+00
         5       1       0       0       0       0
 5.654e+03 2.423e+03 2.423e+03 0.000e+00 0.000e+00 0.000e+00 0.000e+00
         6       1       0       0       0       0
 5.654e+03 2.423e+03 2.423e+03 0.000e+00 0.000e+00 0.000e+00 0.000e+00
         7       1       0       0       0       0
 5.654e+03 2.423e+03 2.423e+03 0.000e+00 0.000e+00 0.000e+00 0.000e+00
         8       1       0       0       0       0
 5.654e+03 2.423e+03 2.423e+03 0.000e+00 0.000e+00 0.000e+00 0.000e+00
        13       1       0       0       0       0
 5.654e+03 2.423e+03 2.423e+03 0.000e+00 0.000e+00 0.000e+00 0.000e+00
        14       1       0       0       0       0
 5.654e+03 2.423e+03 2.423e+03 0.000e+00 0.000e+00 0.000e+00 0.000e+00
        15       1       0       0       0       0
 5.654e+03 2.423e+03 2.423e+03 0.000e+00 0.000e+00 0.000e+00 0.000e+00
        16       1       0       0       0       0
 5.654e+03 2.423e+03 2.423e+03 0.000e+00 0.000e+00 0.000e+00 0.000e+00
        17       1       0       0       0       0
 5.654e+03 2.423e+03 2.423e+03 0.000e+00 0.000e+00 0.000e+00 0.000e+00
        18       1       0       0       0       0
 5.654e+03 2.423e+03 2.423e+03 0.000e+00 0.000e+00 0.000e+00 0.000e+00
        23       1       0       0       0       0
 5.654e+03 2.423e+03 2.423e+03 0.000e+00 0.000e+00 0.000e+00 0.000e+00
        24       1       0       0       0       0
 5.654e+03 2.423e+03 2.423e+03 0.000e+00 0.000e+00 0.000e+00 0.000e+00
        25       1       0       0       0       0
 5.654e+03 2.423e+03 2.423e+03 0.000e+00 0.000e+00 0.000e+00 0.000e+00
        26       1       0       0       0       0
 5.654e+03 2.423e+03 2.423e+03 0.000e+00 0.000e+00 0.000e+00 0.000e+00
        27       1       0       0       0       0
 5.654e+03 2.423e+03 2.423e+03 0.000e+00 0.000e+00 0.000e+00 0.000e+00
        28       1       0       0       0       0
 5.654e+03 2.423e+03 2.423e+03 0.000e+00 0.000e+00 0.000e+00 0.000e+00
        33       1       0       0       0       0
 5.654e+03 2.423e+03 2.423e+03 0.000e+00 0.000e+00 0.000e+00 0.000e+00
        34       1       0       0       0       0
 5.654e+03 2.423e+03 2.423e+03 0.000e+00 0.000e+00 0.000e+00 0.000e+00
        35       1       0       0       0       0
 5.654e+03 2.423e+03 2.423e+03 0.000e+00 0.000e+00 0.000e+00 0.000e+00
        36       1       0       0       0       0
 5.654e+03 2.423e+03 2.423e+03 0.000e+00 0.000e+00 0.000e+00 0.000e+00
        37       1       0       0       0       0
 5.654e+03 2.423e+03 2.423e+03 0.000e+00 0.000e+00 0.000e+00 0.000e+00
        38       1       0       0       0       0
 5.654e+03 2.423e+03 2.423e+03 0.000e+00 0.000e+00 0.000e+00 0.000e+00
        43       1       0       0       0       0
 5.654e+03 2.423e+03 2.423e+03 0.000e+00 0.000e+00 0.000e+00 0.000e+00
        44       1       0       0       0       0
 5.654e+03 2.423e+03 2.423e+03 0.000e+00 0.000e+00 0.000e+00 0.000e+00
        45       1       0       0       0       0
 5.654e+03 2.423e+03 2.423e+03 0.000e+00 0.000e+00 0.000e+00 0.000e+00
        46       1       0       0       0       0
 5.654e+03 2.423e+03 2.423e+03 0.000e+00 0.000e+00 0.000e+00 0.000e+00
        47       1       0       0       0       0
 5.654e+03 2.423e+03 2.423e+03 0.000e+00 0.000e+00 0.000e+00 0.000e+00
        48       1       0       0       0       0
 5.654e+03 2.423e+03 2.423e+03 0.000e+00 0.000e+00 0.000e+00 0.000e+00
        53       1       0       0       0       0
 5.654e+03 2.423e+03 2.423e+03 0.000e+00 0.000e+00 0.000e+00 0.000e+00
        54       1       0       0       0       0
 5.654e+03 2.423e+03 2.423e+03 0.000e+00 0.000e+00 0.000e+00 0.000e+00
        55       1       0       0       0       0
 5.654e+03 2.423e+03 2.423e+03 0.000e+00 0.000e+00 0.000e+00 0.000e+00
        56       1       0       0       0       0
 5.654e+03 2.423e+03 2.423e+03 0.000e+00 0.000e+00 0.000e+00 0.000e+00
        57       1       0       0       0       0
 5.654e+03 2.423e+03 2.423e+03 0.000e+00 0.000e+00 0.000e+00 0.000e+00
        58       1       0       0       0       0
 5.654e+03 2.423e+03 2.423e+03 0.000e+00 0.000e+00 0.000e+00 0.000e+00
        63       1       0       0       0       0
 5.654e+03 2.423e+03 2.423e+03 0.000e+00 0.000e+00 0.000e+00 0.000e+00
        64       1       0       0       0       0
 5.654e+03 2.423e+03 2.423e+03 0.000e+00 0.000e+00 0.000e+00 0.000e+00
        65       1       0       0       0       0
 5.654e+03 2.423e+03 2.423e+03 0.000e+00 0.000e+00 0.000e+00 0.000e+00
        66       1       0       0       0       0
 5.654e+03 2.423e+03 2.423e+03 0.000e+00 0.000e+00 0.000e+00 0.000e+00
        67       1       0       0       0       0
 5.654e+03 2.423e+03 2.423e+03 0.000e+00 0.000e+00 0.000e+00 0.000e+00
        68       1       0       0       0       0
 5.654e+03 2.423e+03 2.423e+03 0.000e+00 0.000e+00 0.000e+00 0.000e+00
        73       1       0       0       0       0
 5.654e+03 2.423e+03 2.423e+03 0.000e+00 0.000e+00 0.000e+00 0.000e+00
        74       1       0       0       0       0
 5.654e+03 2.423e+03 2.423e+03 0.000e+00 0.000e+00 0.000e+00 0.000e+00
        75       1       0       0       0       0
 5.654e+03 2.423e+03 2.423e+03 0.000e+00 0.000e+00 0.000e+00 0.000e+00
        76       1       0       0       0       0
 5.654e+03 2.423e+03 2.423e+03 0.000e+00 0.000e+00 0.000e+00 0.000e+00
        77       1       0       0       0       0
 5.654e+03 2.423e+03 2.423e+03 0.000e+00 0.000e+00 0.000e+00 0.000e+00
        78       1       0       0       0       0
 5.654e+03 2.423e+03 2.423e+03 0.000e+00 0.000e+00 0.000e+00 0.000e+00
*END
